epoch	perceptual loss
0	0.021008349
1	0.021715656
2	0.019084069
3	0.018140965
4	0.018231881
5	0.01827712
6	0.016650338
7	0.016727195
8	0.018347881
9	0.016885299
10	0.016713789
11	0.016330678
12	0.016156921
13	0.016252956
14	0.015308348
15	0.014843587
16	0.015967639
17	0.015321221
18	0.015407393
19	0.01522603
20	0.014332078
21	0.01459933
22	0.013941619
23	0.01361128
24	0.014246246
25	0.014191521
26	0.014024846
27	0.014106947
28	0.013571469
29	0.014034145
30	0.013421535
31	0.01419228
32	0.013234066
33	0.012497583
34	0.013865114
35	0.013420136
36	0.013347991
37	0.012194625
38	0.012693164
39	0.012512475
40	0.012168032
41	0.01214987
42	0.012953992
43	0.012833665
44	0.012748958
45	0.012568689
46	0.011433052
47	0.011834575
48	0.011310437
49	0.011755797
50	0.011905367
51	0.011867064
52	0.012347322
53	0.010745371
54	0.011368883
55	0.010998424
56	0.0142554
57	0.012183173
58	0.011727255
59	0.011105296
60	0.011124723
61	0.010659675
62	0.010763899
63	0.010584823
64	0.011362064
65	0.010318232
66	0.010562934
67	0.01028989
68	0.010242613
69	0.010119229
70	0.01018836
71	0.010412289
72	0.009561334
73	0.010466213
74	0.010838342
75	0.009832256
76	0.009997585
77	0.009738947
78	0.009645598
79	0.010784267
80	0.009977706
81	0.009878766
82	0.00941229
83	0.009301776
84	0.009304285
85	0.008861137
86	0.009506166
87	0.009104032
88	0.008461187
89	0.009634801
90	0.009440828
91	0.009574852
92	0.008822823
93	0.009083767
94	0.00936029
95	0.008798065
96	0.009991374
97	0.00935941
98	0.008657837
99	0.008754275
100	0.008463363
101	0.008570294
102	0.008114582
103	0.008103049
104	0.008563113
105	0.008153007
106	0.008420299
107	0.008694987
108	0.008077736
109	0.008489117
110	0.009695604
111	0.008607047
112	0.008628578
113	0.00853543
114	0.008841097
115	0.008080006
116	0.008154492
117	0.008329243
118	0.008357064
119	0.007728679
120	0.007719852
121	0.008181733
122	0.007574993
123	0.007389358
124	0.007711817
125	0.008102307
126	0.008311632
127	0.008419837
128	0.007738256
129	0.007551188
130	0.008093052
131	0.007745699
132	0.008071823
133	0.008907875
134	0.008040196
135	0.008975983
136	0.007725132
137	0.007782036
138	0.007765573
139	0.007527312
140	0.007614246
141	0.007400508
142	0.007277005
143	0.00714758
144	0.007649437
145	0.007871132
146	0.007251267
147	0.006879623
148	0.006737395
149	0.007271777
150	0.007035144
151	0.0065477
152	0.007140768
153	0.006982961
154	0.006462982
155	0.006695039
156	0.006739862
157	0.007022937
158	0.007147181
159	0.006785172
160	0.007341662
161	0.006703672
162	0.006958748
163	0.006515301
164	0.006298063
165	0.006321655
166	0.006632377
167	0.007065315
168	0.006857323
169	0.007369284
170	0.007650415
171	0.006622107
172	0.00652548
173	0.006447245
174	0.00628726
175	0.005938944
176	0.006610845
177	0.006487467
178	0.005942937
179	0.006363133
180	0.008417531
181	0.006931076
182	0.006142455
183	0.006254587
184	0.006086775
185	0.005944189
186	0.00678489
187	0.006058588
188	0.006115881
189	0.00764108
190	0.007526177
191	0.006471387
192	0.006272068
193	0.00592935
194	0.006143793
195	0.006600039
196	0.006307136
197	0.006494545
198	0.006001778
199	0.005823135
200	0.006215221
201	0.005997392
202	0.005996341
203	0.005703689
204	0.006212698
205	0.005756421
206	0.005604704
207	0.005925044
208	0.006207977
209	0.005660941
210	0.00542286
211	0.005700315
212	0.005559218
213	0.006364611
214	0.005706075
215	0.005228484
216	0.005496087
217	0.005290682
218	0.005589588
219	0.00612859
220	0.005549229
221	0.006075374
222	0.006046896
223	0.005849587
224	0.005654494
225	0.005696612
226	0.005510163
227	0.005570599
228	0.005189641
229	0.005173757
230	0.00563047
231	0.005835459
232	0.005654588
233	0.005628261
234	0.006070959
235	0.00598054
236	0.005451784
237	0.005296073
238	0.005445275
239	0.005253738
240	0.005290986
241	0.004996825
242	0.005183829
243	0.005095866
244	0.005276896
245	0.005464319
246	0.005846092
247	0.00562562
248	0.005200418
249	0.005121024
250	0.004948318
251	0.005011688
252	0.004839945
253	0.004911694
254	0.004650921
255	0.004939086
256	0.004852202
257	0.004683041
258	0.004818729
259	0.005195018
260	0.005185143
261	0.005184336
262	0.005115092
263	0.005093649
264	0.004795864
265	0.004715417
266	0.004781824
267	0.004616346
268	0.004597412
269	0.004619307
270	0.005179129
271	0.004836224
272	0.004617423
273	0.004513748
274	0.00458148
275	0.004630299
276	0.004586137
277	0.004649227
278	0.004797083
279	0.004729404
280	0.004608182
281	0.004412738
282	0.004415347
283	0.004542598
284	0.004626252
285	0.004570354
286	0.004513289
287	0.004355608
288	0.00435754
289	0.004248364
290	0.004466401
291	0.004373077
292	0.00450093
293	0.004139313
294	0.004295572
295	0.00435708
296	0.004637926
297	0.004392176
298	0.004211043
299	0.004369284
300	0.004449136
301	0.00425161
302	0.004543544
303	0.004370693
304	0.004245798
305	0.004233952
306	0.004102606
307	0.004028417
308	0.004097891
309	0.00495872
310	0.004284586
311	0.004069992
312	0.004167234
313	0.004159019
314	0.004284777
315	0.004368286
316	0.00412996
317	0.00406463
318	0.004153008
319	0.003964473
320	0.003969444
321	0.004256701
322	0.00419001
323	0.004314164
324	0.004120906
325	0.0039691
326	0.004159855
327	0.004092517
328	0.004244996
329	0.004053597
330	0.004086578
331	0.003905352
332	0.00398728
333	0.004215264
334	0.003879835
335	0.003864063
336	0.003760937
337	0.003933284
338	0.003957962
339	0.004269645
340	0.0041191
341	0.003892151
342	0.003718726
343	0.003725482
344	0.003793583
345	0.003818439
346	0.003893282
347	0.003801963
348	0.003879631
349	0.003830732
350	0.003858311
351	0.003903907
352	0.003994072
353	0.003728852
354	0.003733478
355	0.003586282
356	0.00405407
357	0.004011465
358	0.003682677
359	0.003814105
360	0.003748351
361	0.003939413
362	0.003902873
363	0.003634909
364	0.003694712
365	0.003781395
366	0.004051993
367	0.003733431
368	0.003698808
369	0.003831157
370	0.0037366
371	0.003839317
372	0.00373038
373	0.003788709
374	0.003560108
375	0.003671482
376	0.003625553
377	0.003392204
378	0.00361736
379	0.003642282
380	0.003635284
381	0.00338827
382	0.003535805
383	0.003697562
384	0.003564942
385	0.003409278
386	0.003682483
387	0.004103759
388	0.003757419
389	0.00361221
390	0.003546268
391	0.003597359
392	0.003492245
393	0.003568431
394	0.003443561
395	0.003520562
396	0.0035436
397	0.004131082
398	0.003469378
399	0.003550968
400	0.003488807
401	0.003434217
402	0.003629837
403	0.003331695
404	0.003448532
405	0.003614908
406	0.003375967
407	0.003554566
408	0.003703599
409	0.003431563
410	0.003498053
411	0.003469105
412	0.003461703
413	0.003280324
414	0.003368165
415	0.003919609
416	0.003544903
417	0.003316816
418	0.003302618
419	0.003255025
420	0.003312231
421	0.003233584
422	0.003349091
423	0.003321429
424	0.003330722
425	0.003566888
426	0.003445296
427	0.003308113
428	0.003148224
429	0.00324495
430	0.003226418
431	0.003098389
432	0.003161906
433	0.003310025
434	0.003313107
435	0.003170644
436	0.003312224
437	0.003333247
438	0.003435316
439	0.003401798
440	0.003401564
441	0.003350197
442	0.003492969
443	0.003276257
444	0.003279639
445	0.003292412
446	0.003210826
447	0.003177523
448	0.003070802
449	0.003136377
450	0.003379624
451	0.003183935
452	0.003144034
453	0.003149025
454	0.002997659
455	0.002955385
456	0.003085267
457	0.003420507
458	0.003254024
459	0.003024462
460	0.003195781
461	0.00306868
462	0.003112226
463	0.003026099
464	0.003205442
465	0.002908533
466	0.003153351
467	0.003160586
468	0.003007613
469	0.003248368
470	0.003200996
471	0.003086426
472	0.003096809
473	0.00304049
474	0.00305715
475	0.003002321
476	0.003019067
477	0.003193863
478	0.003132568
479	0.003020081
480	0.00294109
481	0.002993959
482	0.003090801
483	0.002900957
484	0.002843538
485	0.002956362
486	0.002987898
487	0.002826309
488	0.002928756
489	0.003042494
490	0.002935451
491	0.003107511
492	0.002912031
493	0.002935421
494	0.002920637
495	0.002961457
496	0.002909796
497	0.002870738
498	0.003267536
499	0.00293247
500	0.002942048
501	0.003037874
502	0.003137401
503	0.003008637
504	0.002898968
505	0.003017511
506	0.002758973
507	0.002919982
508	0.002801408
509	0.002953482
510	0.00317758
511	0.00290132
512	0.002787143
513	0.003647086
514	0.003041136
515	0.003105286
516	0.00292125
517	0.002774524
518	0.002811446
519	0.002915773
520	0.002782435
521	0.002696473
522	0.002614233
523	0.002771884
524	0.003049893
525	0.002804535
526	0.002721228
527	0.002857979
528	0.002976404
529	0.003131078
530	0.002757737
531	0.002929115
532	0.002877574
533	0.002834548
534	0.002738348
535	0.003120423
536	0.002860409
537	0.002634894
538	0.002721363
539	0.002938898
540	0.00282448
541	0.002834456
542	0.002769395
543	0.002854719
544	0.002771009
545	0.002638078
546	0.002739464
547	0.002734563
548	0.00274261
549	0.002632624
550	0.002749146
551	0.002839842
552	0.002781062
553	0.002939222
554	0.002783777
555	0.002683494
556	0.002649172
557	0.002573589
558	0.002663895
559	0.002660765
560	0.002772297
561	0.002721617
562	0.002745486
563	0.002702639
564	0.00261212
565	0.002666303
566	0.002612539
567	0.002592842
568	0.002605387
569	0.002649052
570	0.002658526
571	0.002619196
572	0.002726825
573	0.002665495
574	0.002710993
575	0.002598287
576	0.002578308
577	0.00293014
578	0.002829047
579	0.002880406
580	0.00269528
581	0.002601657
582	0.002698849
583	0.002664316
584	0.002593304
585	0.002716442
586	0.002596393
587	0.002528634
588	0.002425267
589	0.002453114
590	0.002610121
591	0.002515897
592	0.002808243
593	0.00265035
594	0.002839865
595	0.002683016
596	0.002521564
597	0.002435509
598	0.002656842
599	0.002657709
600	0.00258675
601	0.002627898
602	0.002552001
603	0.002532601
604	0.002492886
605	0.002693627
606	0.002528896
607	0.00254138
608	0.002451875
609	0.00254122
610	0.002453126
611	0.002711894
612	0.002578003
613	0.002616887
614	0.002642923
615	0.002718451
616	0.002576256
617	0.002424001
618	0.00241153
619	0.002444277
620	0.002487805
621	0.002379841
622	0.002562943
623	0.002460693
624	0.002468323
625	0.002559361
626	0.002414159
627	0.002427008
628	0.002415788
629	0.002440006
630	0.002603328
631	0.002569467
632	0.002736837
633	0.00255954
634	0.002602957
635	0.002561722
636	0.002396965
637	0.002441066
638	0.00242029
639	0.002670677
640	0.002477801
641	0.002556274
642	0.002530789
643	0.002667647
644	0.002374368
645	0.002501757
646	0.002440636
647	0.002534596
648	0.002432767
649	0.002433109
650	0.002463733
651	0.002392275
652	0.003033674
653	0.002783267
654	0.002572326
655	0.00238003
656	0.002307512
657	0.002435486
658	0.002298139
659	0.002258401
660	0.00225062
661	0.002454234
662	0.002459072
663	0.002338001
664	0.002422649
665	0.002348418
666	0.002326544
667	0.002453298
668	0.002345075
669	0.002436909
670	0.002518565
671	0.002442394
672	0.002359889
673	0.002453512
674	0.00251678
675	0.002733154
676	0.002534534
677	0.002406498
678	0.00238453
679	0.00230309
680	0.002229245
681	0.002262436
682	0.002201506
683	0.002355473
684	0.002292753
685	0.002330608
686	0.002414193
687	0.002389319
688	0.002411422
689	0.002457296
690	0.002534145
691	0.002419686
692	0.002251897
693	0.002243865
694	0.002208629
695	0.002470455
696	0.002617116
697	0.002443359
698	0.002230479
699	0.002277218
700	0.002386865
701	0.003254883
702	0.002416867
703	0.002396336
704	0.00223179
705	0.002218232
706	0.00220765
707	0.002288392
708	0.002511369
709	0.002482181
710	0.002209694
711	0.002236328
712	0.002286928
713	0.00216917
714	0.002144625
715	0.002702506
716	0.002482052
717	0.002373451
718	0.002239344
719	0.002349678
720	0.002159673
721	0.002152894
722	0.002313111
723	0.002303777
724	0.002221455
725	0.002223803
726	0.002210417
727	0.002276736
728	0.002356898
729	0.002309136
730	0.002160303
731	0.002168938
732	0.002382147
733	0.002246632
734	0.002195529
735	0.002181399
736	0.002162637
737	0.002055494
738	0.002171909
739	0.00220968
740	0.002236383
741	0.002365468
742	0.002414185
743	0.002274132
744	0.002206358
745	0.002175822
746	0.002116017
747	0.00240541
748	0.002450168
749	0.002264891
750	0.00225676
751	0.002234214
752	0.002285233
753	0.002184368
754	0.002219881
755	0.002169068
756	0.002091683
757	0.002134257
758	0.002067329
759	0.002153288
760	0.002074825
761	0.002144028
762	0.002104339
763	0.002199823
764	0.002132096
765	0.002179363
766	0.002189566
767	0.002132094
768	0.002237828
769	0.002914944
770	0.00251153
771	0.002298691
772	0.00217621
773	0.002082031
774	0.002122321
775	0.002286493
776	0.002346941
777	0.002245662
778	0.00221943
779	0.002052315
780	0.002019383
781	0.002152476
782	0.002320967
783	0.002264258
784	0.002346247
785	0.002109992
786	0.002041507
787	0.002076973
788	0.002131818
789	0.002082352
790	0.002156865
791	0.002073154
792	0.002042464
793	0.002146485
794	0.002062609
795	0.002264269
796	0.002155007
797	0.002100745
798	0.002030164
799	0.002158715
800	0.002115605
801	0.002224568
802	0.002254442
803	0.002287731
804	0.002105087
805	0.002034327
806	0.002014023
807	0.002008523
808	0.002075723
809	0.002131972
810	0.002008378
811	0.002351558
812	0.002180395
813	0.002229578
814	0.002180566
815	0.00204219
816	0.002240808
817	0.002374535
818	0.002245507
819	0.002358238
820	0.00212455
821	0.00208755
822	0.002043845
823	0.002046954
824	0.002108739
825	0.002233635
826	0.002198581
827	0.002140684
828	0.002147126
829	0.002057426
830	0.002136543
831	0.002014859
832	0.002044047
833	0.002093898
834	0.002152391
835	0.002017392
836	0.002091353
837	0.002195832
838	0.002233584
839	0.00203316
840	0.00199477
841	0.002078604
842	0.002028649
843	0.002136328
844	0.002090251
845	0.002031343
846	0.001972712
847	0.001959067
848	0.001984903
849	0.001934816
850	0.002093393
851	0.002160482
852	0.00212576
853	0.00206987
854	0.002097054
855	0.002020103
856	0.002064585
857	0.002004996
858	0.002016969
859	0.002050013
860	0.002150329
861	0.002073248
862	0.002060252
863	0.002020768
864	0.002011106
865	0.001984006
866	0.002072536
867	0.002100619
868	0.002112689
869	0.00217644
870	0.00204107
871	0.001956637
872	0.002092512
873	0.001946161
874	0.001911815
875	0.001983627
876	0.002104988
877	0.002161618
878	0.002382798
879	0.002297313
880	0.002119092
881	0.001968877
882	0.002110057
883	0.001907726
884	0.001902147
885	0.001945468
886	0.002008001
887	0.001948429
888	0.001927648
889	0.001973859
890	0.001891477
891	0.001986864
892	0.001919186
893	0.001863346
894	0.00200742
895	0.002127591
896	0.00318853
897	0.002357969
898	0.002096259
899	0.001902126
900	0.001893457
901	0.001837974
902	0.001922872
903	0.001986887
904	0.001932355
905	0.001824803
906	0.002178577
907	0.0019356
908	0.00186635
909	0.001845955
910	0.001851548
911	0.001922576
912	0.001870698
913	0.001924532
914	0.001997439
915	0.001900908
916	0.001891527
917	0.00211664
918	0.00198616
919	0.002045919
920	0.001911401
921	0.001907098
922	0.001945774
923	0.001914661
924	0.001933268
925	0.001869149
926	0.001879757
927	0.001883001
928	0.001836747
929	0.001970314
930	0.001977039
931	0.002090409
932	0.00189054
933	0.001904959
934	0.001912109
935	0.001857244
936	0.001928954
937	0.002193248
938	0.002104108
939	0.001963884
940	0.0019514
941	0.001972894
942	0.001831487
943	0.001956394
944	0.001913131
945	0.001923934
946	0.001897823
947	0.001831778
948	0.001806595
949	0.001927019
950	0.001942968
951	0.001889266
952	0.001902481
953	0.002046628
954	0.001856826
955	0.001933704
956	0.00195561
957	0.001900374
958	0.00194049
959	0.001957655
960	0.002007045
961	0.001934006
962	0.002082956
963	0.001908482
964	0.001873381
965	0.001997894
966	0.002084954
967	0.001967318
968	0.001895425
969	0.001833837
970	0.001821533
971	0.001796512
972	0.001987057
973	0.001909286
974	0.00197392
975	0.001873072
976	0.001796571
977	0.00180585
978	0.001817493
979	0.001822623
980	0.001809393
981	0.001796711
982	0.002002949
983	0.001824955
984	0.001977836
985	0.001909864
986	0.001992333
987	0.001819502
988	0.001858063
989	0.001816382
990	0.001776872
991	0.001900551
992	0.002066465
993	0.002156852
994	0.002002792
995	0.001978883
996	0.001829685
997	0.001913234
998	0.001815991
999	0.001815232
1000	0.001820429
